# This file may be used to create an environment using:
# $ conda create --name <env> --file <this file>
# platform: osx-64


blas=1.0=openblas
bzip2=1.0.8=h6c40b1e_5
ca-certificates=2023.12.12=hecd8cb5_0
cairo=1.16.0=h3ce6f7e_5
certifi=2022.12.7=py37hecd8cb5_0
cyrus-sasl=2.1.28=h9b9944d_1
eigen=3.4.0=ha357a0b_0
expat=2.5.0=hcec6c5f_0
ffmpeg=4.2.2=h97e5cf8_0
fontconfig=2.14.1=hb0a0c50_2
freetype=2.12.1=hd8bbffd_0
gettext=0.21.0=he85b6c0_1
giflib=5.2.1=h6c40b1e_3
glib=2.78.4=hcec6c5f_0
glib-tools=2.78.4=hcec6c5f_0
gmp=6.2.1=he9d5cce_3
gnutls=3.6.15=hed9c0bf_0
graphite2=1.3.14=he9d5cce_1
gst-plugins-base=1.14.1=hcec6c5f_1
gstreamer=1.14.1=h6c40b1e_1
harfbuzz=4.3.0=hffc734d_1
hdf5=1.10.6=h10fe05b_1
icu=58.2=h0a44026_3
jpeg=9e=h6c40b1e_1
krb5=1.20.1=hdba6334_1
lame=3.100=h1de35cc_0
lerc=3.0=he9d5cce_0
libclang=14.0.6=default_hd95374b_1
libclang13=14.0.6=default_habbcc1a_1
libcxx=14.0.6=h9765a3e_0
libdeflate=1.17=hb664fd8_1
libedit=3.1.20230828=h6c40b1e_0
libffi=3.4.4=hecd8cb5_0
libgfortran=5.0.0=11_3_0_hecd8cb5_28
libgfortran5=11.3.0=h9dfd629_28
libglib=2.78.4=h19e1a8f_0
libiconv=1.16=hca72f7f_2
libidn2=2.3.4=h6c40b1e_0
libllvm14=14.0.6=h91fad77_3
libopenblas=0.3.21=h54e7dc3_0
libopus=1.3.1=h1de35cc_0
libpng=1.6.39=h6c40b1e_0
libpq=12.15=hdb2fb19_1
libtasn1=4.19.0=h6c40b1e_0
libtiff=4.5.1=hcec6c5f_0
libunistring=0.9.10=h9ed2024_0
libvpx=1.7.0=h378b8a2_0
libwebp=1.3.2=hf6ce154_0
libwebp-base=1.3.2=h6c40b1e_0
libxml2=2.10.4=h930c0e2_0
libxslt=1.1.37=h6d1eb0e_0
llvm-openmp=14.0.6=h0dcd299_0
lz4-c=1.9.4=hcec6c5f_0
mysql=5.7.24=h28d6cec_2
ncurses=6.4=hcec6c5f_0
nettle=3.7.3=h230ac6f_1
numpy=1.21.5=py37h0f1bd0b_3
numpy-base=1.21.5=py37hbda7086_3
opencv=4.6.0=py37h07fba90_3
openh264=2.1.1=h8346a28_0
openjpeg=2.4.0=h66ea3da_0
openssl=1.1.1w=hca72f7f_0
pcre2=10.42=h9b97e30_0
pip=22.3.1=py37hecd8cb5_0
pixman=0.40.0=h9ed2024_1
python=3.7.16=h218abb5_0
qt-main=5.15.2=h51e0635_9
qt-webengine=5.15.9=h90a370e_7
qtwebkit=5.212=hbfab81c_5
readline=8.2=hca72f7f_0
setuptools=65.6.3=py37hecd8cb5_0
sqlite=3.41.2=h6c40b1e_0
tk=8.6.12=h5d9f67b_0
wheel=0.38.4=py37hecd8cb5_0
x264=1!157.20191217=h1de35cc_0
xz=5.4.6=h6c40b1e_0
zlib=1.2.13=h4dc903c_0
zstd=1.5.5=hc035e20_0
python=3.7
